22
1 2
1 10
1 16
1 14
1 17
1 21
1 11
2 7
2 10
2 1
2 12
2 14
2 15
2 17
2 18
3 2
3 5
3 12
3 15
3 18
3 19
3 20
3 22
4 2
4 3
4 17
4 19
4 20
4 22
4 11
5 9
5 12
5 14
5 15
5 19
5 22
6 2
6 4
6 9
6 10
6 15
6 16
6 20
6 21
6 5
7 3
7 4
7 6
7 8
7 1
7 12
7 13
7 15
7 18
7 21
7 22
7 5
8 1
8 12
8 13
8 16
8 20
9 3
9 1
9 12
9 13
9 17
9 20
9 16
10 3
10 4
10 5
10 8
10 9
10 12
10 13
10 14
10 16
10 18
10 19
10 21
11 3
11 14
11 17
11 22
12 4
12 6
12 1
12 13
12 14
12 16
13 14
13 17
13 18
13 20
13 21
13 22
13 4
13 11
14 4
14 6
14 7
14 9
14 15
14 16
14 18
14 19
14 21
14 22
14 8
15 4
15 7
15 8
15 9
15 12
15 18
15 22
15 1
16 4
16 7
16 13
16 14
16 15
16 18
16 22
16 11
17 7
17 12
17 18
17 19
17 22
17 11
18 6
18 1
18 12
18 13
18 16
19 2
19 6
19 16
19 22
20 2
20 1
20 6
20 12
20 16
21 9
21 13
21 16
21 11
22 9
22 1
22 6
22 12
22 16
0 0