Adjacency list representation of G:
1: 2 10 11 14 16 17 21 
2: 1 7 10 12 14 15 17 18 
3: 2 5 12 15 18 19 20 22 
4: 2 3 11 17 19 20 22 
5: 9 12 14 15 19 22 
6: 2 4 5 9 10 15 16 20 21 
7: 1 3 4 5 6 8 12 13 15 18 21 22 
8: 1 12 13 16 20 
9: 1 3 12 13 16 17 20 
10: 3 4 5 8 9 12 13 14 16 18 19 21 
11: 3 14 17 22 
12: 1 4 6 13 14 16 
13: 4 11 14 17 18 20 21 22 
14: 4 6 7 8 9 15 16 18 19 21 22 
15: 1 4 7 8 9 12 18 22 
16: 4 7 11 13 14 15 18 22 
17: 7 11 12 18 19 22 
18: 1 6 12 13 16 
19: 2 6 16 22 
20: 1 2 6 12 16 
21: 9 11 13 16 
22: 1 6 9 12 16 


G contains 1 strongly connected components:
Components 1: 1 2 3 4 6 7 14 11 13 8 15 16 12 20 
